The solution of the system of equations is: 
x1 = -0.004297 
x2 = -0.024478 
x3 = 0.254126 
x4 = -0.021241 
x5 = 1.876410 
